0.9943297122788098 -0.02112491219018093 0.10422150628050296 -0.2491060396922599 0.020434458750795127 0.9997616250391711 0.007688302179262548 0.04784950030718803 -0.104359082255799 -0.00551499730040262 0.9945243651009404 -0.055194879571371654 0.0 0.0 0.0 1.0
0.9944539323687661 -0.021126611433232058 0.10302945102945957 -0.24775159113849912 0.020532296114787702 0.9997659075071235 0.00682565490184674 0.04446744837494747 -0.10314953554267331 -0.004672368499785025 0.9946548784089656 -0.052016053547883835 0.0 0.0 0.0 1.0
0.994055061646636 -0.021382918151455634 0.10675829735221129 -0.25099468607263414 0.02103049249646277 0.9997690435147459 0.0044260087157774785 0.04461963754852206 -0.10682828174017349 -0.0021545167040016933 0.9942751499101566 -0.04967221219028399 0.0 0.0 0.0 1.0
0.9940068474518206 -0.019062689188069474 0.10764309903250067 -0.251528652304276 0.019370069296863916 0.9998107309089779 -0.0018106327733532076 0.04530129528046676 -0.10758820455338908 0.0038848356922474014 0.9941879548127954 -0.04709989192831074 0.0 0.0 0.0 1.0
0.9940135942724363 -0.017907825047802913 0.10777880988211244 -0.25238582486162486 0.018255925268261128 0.999830815499934 -0.0022438873653968486 0.04292870646868631 -0.10772038255496191 0.004198056091488956 0.9941723383141842 -0.0426771825913983 0.0 0.0 0.0 1.0
0.994432680942499 -0.016095391510397013 0.10413757455523234 -0.24980657920643914 0.016895429555891316 0.9998340901981724 -0.006804887003985232 0.041966997478935765 -0.104010769580127 0.00852645083706718 0.9945396253656021 -0.042131744216602963 0.0 0.0 0.0 1.0
0.9949735490479666 -0.01554916467357446 0.09892325080214574 -0.24583469604303593 0.016617670507763648 0.9998120199026712 -0.009986551239910178 0.04453187361538408 -0.09874937335273279 0.011580228777098996 0.995044960062192 -0.04349439755865947 0.0 0.0 0.0 1.0
0.9954118176651452 -0.015285008895704137 0.09445436388543968 -0.23894168093456442 0.01608908434176069 0.9998404451771824 -0.007757111164429246 0.039813336337281985 -0.09432072613004219 0.009241205089735163 0.9954989859327308 -0.04103149772666545 0.0 0.0 0.0 1.0
0.9953835885513858 -0.014992582905448346 0.09479821808221241 -0.2390720238660661 0.015672454613642677 0.999856520303934 -0.006431271780540802 0.03632907372644861 -0.09468819769722236 0.007887303222127339 0.9954757577811179 -0.03794288815963363 0.0 0.0 0.0 1.0
0.9954807820768515 -0.014606389924338553 0.0938332130162983 -0.23744198804622488 0.015644370827931 0.9998241664749026 -0.01033587678255464 0.03873631320554411 -0.09366574752304725 0.01175712941242057 0.9955342540501988 -0.037425511014519 0.0 0.0 0.0 1.0
0.9960999186579294 -0.014518873005733214 0.08702978715160808 -0.2289706143143881 0.015445415552733422 0.9998308618744388 -0.009982335520150619 0.03661850736707154 -0.08687013703175764 0.011287614593926238 0.9961557114173193 -0.03598982594347084 0.0 0.0 0.0 1.0
0.9965984613460387 -0.014064985822143626 0.08120173681873741 -0.2195964094820767 0.014950066076554282 0.9998351431029671 -0.010302043643795179 0.03289890346238422 -0.0810434514644383 0.011480972422370533 0.9966444491300969 -0.0336464543584744 0.0 0.0 0.0 1.0
0.9966979542499882 -0.013136079903787984 0.08012916518316529 -0.2183558106637777 0.01411807056530462 0.9998318861162683 -0.011700872175143595 0.033706950173267455 -0.07996199003310445 0.012793504019050578 0.9967158368094848 -0.03294539255232021 0.0 0.0 0.0 1.0
0.9971844693695476 -0.009786442444035613 0.07434631232644393 -0.21190926324797676 0.010692518665097897 0.9998732165887186 -0.01179900266282585 0.03086713177445622 -0.07422140701442576 0.012560730537486504 0.9971626599249254 -0.029979630306199993 0.0 0.0 0.0 1.0
0.9973065785285627 -0.0069843404615998845 0.07301273905281737 -0.20962039041925637 0.008004712103347416 0.9998742039480366 -0.01369199039567528 0.03186860704425152 -0.07290792754707005 0.014239558519386677 0.9972370085290365 -0.028411672817165657 0.0 0.0 0.0 1.0
0.9975697880654751 -0.004535374315825269 0.06952694722516838 -0.20124323400559357 0.005739671106822747 0.9998367451486339 -0.017131313411112088 0.029969225444314372 -0.06943790548227226 0.01748874217118759 0.9974329848270297 -0.022980764639523043 0.0 0.0 0.0 1.0
0.9975973099009156 -0.005687818370280246 0.06904512222860902 -0.19662425609535822 0.006873886661453759 0.9998326365200281 -0.016952740298449464 0.02726246012231186 -0.0689371476825384 0.017386615993410015 0.997469487099334 -0.020999668185201666 0.0 0.0 0.0 1.0
0.9982991644292379 -0.0036433753002158803 0.0581849373862126 -0.17614285896057236 0.004312148512672168 0.9999260355034674 -0.011372499794896986 0.020615756619369336 -0.05813920040036416 0.011604060209049229 0.998241018258405 -0.01986678691624239 0.0 0.0 0.0 1.0
0.9984919080502668 -0.003645090185562053 0.0547776221579917 -0.16793097642498564 0.004222468639810121 0.9999367158642665 -0.01042837585221362 0.018044181617985555 -0.054736144542866086 0.010643945489996224 0.9984441001633694 -0.019365436573011353 0.0 0.0 0.0 1.0
0.9985406319774273 -0.0018094788892955584 0.053975770840604 -0.1554583201765964 0.002301568016193753 0.9999563188077402 -0.009056084739244824 0.012815420702348196 -0.05395702646577883 0.00916709703587452 0.9985011755551921 -0.00785178296864122 0.0 0.0 0.0 1.0
0.998833339147187 -0.0022945884572627114 0.04823625066320816 -0.14095420206580442 0.0026661994752737086 0.9999672276715023 -0.007641046058215438 0.010082953607359786 -0.04821713976720634 0.0077607390109468875 0.99880673961355 -0.012126571848451277 0.0 0.0 0.0 1.0
0.9991774265216661 -0.003894323903546568 0.04036502032639056 -0.11917197133708213 0.004061384522451414 0.999983491877809 -0.004057571630745461 0.002146573578160616 -0.04034855272161506 0.004218171878420452 0.9991767829744195 -0.006021905827595031 0.0 0.0 0.0 1.0
0.9993749782931967 -0.002762917937439195 0.03524218627407162 -0.10860033326026011 0.0029143885006011755 0.9999867581316366 -0.00424733666795964 0.0006871512541445437 -0.035229981407985354 0.004347391396476836 0.9993697512094359 -0.004645445924847069 0.0 0.0 0.0 1.0
0.9996274866961332 -0.002577924605487505 0.027169804249893598 -0.0853363555397735 0.0026160419231910786 0.9999956374454508 -0.0013674790307738366 -3.7974675280555316e-05 -0.02716616031855873 0.0014380470402667348 0.9996298799805604 -0.004424617733758322 0.0 0.0 0.0 1.0
0.9996899248852594 -0.0014463603255423741 0.02485860651334167 -0.07544429083621969 0.001427685625081491 0.9999986817000965 0.0007689695850048337 -0.001939392671760564 -0.02485968895027585 -0.0007332407830956238 0.9996907107385283 -0.00635562491303277 0.0 0.0 0.0 1.0
0.9998027510591939 -0.0018375664636762182 0.019775368412306277 -0.058549261192489994 0.0017387697032012067 0.999985923227877 0.0050119804047849175 -0.004915131568673368 -0.019784298313422 -0.004976607613086486 0.9997919110017768 -0.00830531323209018 0.0 0.0 0.0 1.0
0.9998531659625037 -0.0016891628038379375 0.017051846107995462 -0.049049360665693605 0.0016275886409955942 0.9999920836462123 0.003624232130405058 -0.002376390650964368 -0.017057832391894966 -0.0035959467917896534 0.9998480086370704 -0.0084881908733424 0.0 0.0 0.0 1.0
0.9999134864959972 0.0004869620924464772 0.013143638563862697 -0.03604139024741632 -0.000532626625646303 0.9999938077670106 0.0034709915702637534 -0.0009583821710705078 -0.013141866444454838 -0.003477691759859261 0.9999075756490763 -0.0024404450334293837 0.0 0.0 0.0 1.0
0.9999358784260619 0.0004482450651637403 0.01131596845627528 -0.03063332585198378 -0.0004952292937948837 0.9999912976446363 0.004149567524409499 -0.00037911813686991076 -0.011314009356660219 -0.004154905438974574 0.9999273827402259 -0.006573914238443388 0.0 0.0 0.0 1.0
0.9999586610496991 0.0008103535141402976 0.00905464421939813 -0.02093487601349006 -0.0008670764391726861 0.9999799984936555 0.006262335292401101 -0.0025799732149512544 -0.009049389287178513 -0.006269927272178224 0.9999394108208068 -0.0054995437745812776 0.0 0.0 0.0 1.0
0.9999838456840462 -0.00020640802009579828 0.005680168122872781 -0.013323289081964961 0.0001664022618765693 0.9999751685614968 0.0070426320021211115 -0.003942676641814555 -0.0056814808457067364 -0.007041573002742208 0.9999590837407202 -0.0031843736496444857 0.0 0.0 0.0 1.0
0.9999995128975924 0.0010116903492931374 5.166785425220519e-06 0.0013134675756302614 -0.0010117016503949855 0.9999943953818629 0.003200544984931513 -0.0007878560226755083 -1.928796257570361e-06 -0.003200548438232583 0.9999948824590966 0.00038236299873105117 0.0 0.0 0.0 1.0
0.999999946189253 0.0001188004183375937 -0.0003151219591928234 -6.914417850858059e-05 -0.0001187628983770758 0.9999999717115439 0.00011909588915693223 -6.033387199515921e-05 0.000315136103100218 -0.0001190584535824737 0.9999999461189626 -0.00027834892787376305 0.0 0.0 0.0 1.0
0.9999971092920796 -0.0007088571752036422 -0.00229112283978258 0.011040798529631121 0.0007244130444100317 0.9999766553390672 0.006795907624679097 -0.005645026767727277 0.002286251982720504 -0.006797547915813362 0.99997425533445 0.002276987806662917 0.0 0.0 0.0 1.0
0.9999887665899185 0.0014605007962528113 -0.004506205923456138 0.02064977831964861 -0.001423587848130878 0.9999655065652925 0.008183931557858296 -0.008662054030712501 0.004518003653449106 -0.008177424176228631 0.9999563460692475 0.00513758638357745 0.0 0.0 0.0 1.0
0.9999504806964913 0.00033626032289922055 -0.009943622853615773 0.03479849811435862 -0.0002578757749843542 0.9999689024869957 0.007883125394738268 -0.011682869266283783 0.009945964469158181 -0.007880171682320324 0.9999195000848035 0.013636982631967923 0.0 0.0 0.0 1.0
0.999957282000201 1.6439809976102977e-05 -0.009240823694899244 0.03907854647128421 5.683855271071424e-05 0.9999685299501471 0.007929532238977912 -0.011893876433513157 0.009240664454974583 -0.007929718371375988 0.999925872371051 0.015524440601165068 0.0 0.0 0.0 1.0
0.9999641837720583 6.505933915254526e-05 -0.008460112810730494 0.044240419046537006 8.632119449324158e-06 0.9999620406727341 0.00871013025293776 -0.014216354630736183 0.008460357510044043 -0.008709891266382557 0.99992628564151 0.021801090174644364 0.0 0.0 0.0 1.0
0.9999741472056975 -0.00046290204527661764 -0.007176786143260208 0.048229334220226794 0.0005369516708842385 0.9999466236751199 0.010319444042016132 -0.016869170270007693 0.00717162646625061 -0.010323030028047728 0.9999209727310817 0.027995701427158248 0.0 0.0 0.0 1.0
0.9999580891219294 -0.0018801024500899866 -0.008959710139843782 0.05858322860606069 0.0019548076265024474 0.9999633382162237 0.008336427434078874 -0.015664247555274992 0.00894370760173991 -0.008353592543955603 0.9999250853999967 0.036111547723725435 0.0 0.0 0.0 1.0
0.9999476836092356 -0.003682349456205094 -0.009540818891393833 0.06333285603074874 0.003794869209342099 0.9999231273713064 0.011802375526662684 -0.020840653717748143 0.009496625542567336 -0.011837964814717425 0.9998848196018612 0.04217448448845736 0.0 0.0 0.0 1.0
0.9999503951104235 -0.005934198613988221 -0.00800239873462333 0.07260651200227032 0.006072339363659432 0.999831052920019 0.017350053968386937 -0.025617896784116603 0.007898088100150422 -0.01739778815572416 0.9998174729238246 0.05130896575320598 0.0 0.0 0.0 1.0
0.9999353550516143 -0.005740366853640391 -0.00981327678982667 0.07742747795547522 0.005919770831745474 0.9998140489855614 0.018351557174434333 -0.026644197633934087 0.009706106526507377 -0.01840846228368595 0.9997834167373275 0.052595716113914684 0.0 0.0 0.0 1.0
0.9998996091022874 -0.0029294791685819666 -0.013864804194035225 0.09070595379481411 0.003155148782462799 0.9998624691308063 0.016282644534160125 -0.029738047201703158 0.013815197571795716 -0.016324754932094517 0.9997712934163175 0.060085422743594005 0.0 0.0 0.0 1.0
0.9999244330626502 -0.0037575690872741862 -0.011705579612034174 0.09554545165812685 0.003968880237761675 0.9998286397672711 0.01808154284872602 -0.03344857492587399 0.011635630447272935 -0.018126635072192095 0.999767964647942 0.06750661969849717 0.0 0.0 0.0 1.0
0.9998327294692549 -0.010988243140022844 -0.014622287578182045 0.10926738523470118 0.011290253833162081 0.9997212467906815 0.020734439474019137 -0.03803855440546267 0.014390377467926572 -0.020896060955216712 0.9996780927566121 0.07092639149928937 0.0 0.0 0.0 1.0
0.9997936517942462 -0.01117208131320425 -0.016964135197733744 0.11884660131964174 0.011542167698311751 0.9996940393164627 0.02187683850717071 -0.039736878480362156 0.01671453499449714 -0.022068128955344473 0.9996167329904296 0.07482112173772264 0.0 0.0 0.0 1.0
0.9997150279737128 -0.014221014779438712 -0.019173506511337007 0.13260533902303978 0.014644782440030882 0.9996474848626345 0.022145498156848662 -0.04325454701376248 0.018851815924148727 -0.02241997891671747 0.9995708632460651 0.0859288270143884 0.0 0.0 0.0 1.0
0.9996567823212351 -0.0174588660951844 -0.019531806456182858 0.1402310111036957 0.01793716580829969 0.9995367616046985 0.024587174892746557 -0.046366009443145964 0.01909349235216078 -0.024929081083256525 0.999506845441999 0.09208129629383326 0.0 0.0 0.0 1.0
0.9995692464326954 -0.02136878394746044 -0.020115821562831277 0.14924111665415943 0.021958441403027662 0.9993216610602653 0.0295636005698709 -0.049320466852386016 0.01947043948090038 -0.029992578711105545 0.9993604960739686 0.10096500463421353 0.0 0.0 0.0 1.0
0.9993898075782529 -0.023215759729095106 -0.02609638497694511 0.1598225457427114 0.024049783740284065 0.9991948369614332 0.03211327098805334 -0.051693675685927615 0.025329839374682542 -0.03272129007815266 0.9991435016013205 0.10279991092458367 0.0 0.0 0.0 1.0
0.9993603184119372 -0.02822966417421896 -0.021955307805365844 0.16483792218085144 0.029041375462812498 0.9988717064311003 0.037575723209921204 -0.055643000694294474 0.020869784888251607 -0.03818929740000945 0.9990525477421679 0.10707738885382116 0.0 0.0 0.0 1.0
0.9992818151665985 -0.029297672199163495 -0.024031059082207706 0.17101779805022277 0.030201884560190437 0.9988147932098905 0.038169180861979 -0.05594640540483883 0.022884308832980933 -0.03886755740934475 0.998982275573715 0.11212131453271203 0.0 0.0 0.0 1.0
0.998987820502693 -0.033906830221199176 -0.02955720347066826 0.18619256885557764 0.03510076522218828 0.9985482319332107 0.04085740419404223 -0.05566333268017432 0.02812894788370629 -0.04185352870717075 0.9987276866501983 0.11948983132048861 0.0 0.0 0.0 1.0
0.9985584530160999 -0.0382718598328662 -0.037634182406446455 0.1980531330715661 0.03989550364935205 0.9982616652752674 0.0433823835367622 -0.05812803993647779 0.035908434955290516 -0.04482128154651393 0.9983494847557575 0.12371254626853251 0.0 0.0 0.0 1.0
0.9981765849622107 -0.04136060939947972 -0.0439631147523792 0.21099737686029296 0.04346075306979015 0.9979042696808679 0.04793955178007154 -0.06181432042332056 0.04188817357190469 -0.0497628092632683 0.9978822522968951 0.12585856552767874 0.0 0.0 0.0 1.0
0.9979593378417662 -0.045634552133435105 -0.04466172253103772 0.21661693698983547 0.047859187560431574 0.9975979636246969 0.050078259871338134 -0.06320786695004327 0.04226914363524824 -0.052113541547404316 0.9977461895717198 0.12828130888389508 0.0 0.0 0.0 1.0
0.9975790431285573 -0.04742981673731621 -0.05085735032212376 0.23178772819825968 0.049934629118768885 0.997541502507373 0.049167459673935036 -0.06088909663432671 0.048400313511808374 -0.05158797330459767 0.9974948790719904 0.13323913888545963 0.0 0.0 0.0 1.0
0.9972238829412843 -0.051124879487070826 -0.05413633878608077 0.2394260736655223 0.05417204471186668 0.996937475678463 0.056401073741497 -0.0639951446686962 0.05108704521345958 -0.05917717454405153 0.9969393877034386 0.14059375842147886 0.0 0.0 0.0 1.0
0.9964913732042104 -0.051819796206392134 -0.06572361137191662 0.25948925352940155 0.05575318172144711 0.9966703095900498 0.05949639285916748 -0.06562188619512813 0.062421684455528106 -0.06295194342343786 0.9960625653738848 0.14434919584411057 0.0 0.0 0.0 1.0
0.9964792785644997 -0.054060283579257684 -0.06408021385204953 0.26885804203978886 0.0572256816297141 0.9971758397477334 0.04863497088262273 -0.0587581268012313 0.06127002698644939 -0.05213078274942768 0.9967588956943029 0.1938176580081229 0.0 0.0 0.0 1.0
0.9954650892079713 -0.060599252755829544 -0.07332647260360728 0.2879390536438411 0.06435518475055113 0.9966740561860097 0.049989773311316994 -0.05980246619304697 0.07005326249078474 -0.054482007898781305 0.9960543464116416 0.19810051150019486 0.0 0.0 0.0 1.0
0.9953380148505853 -0.06200772050801652 -0.07387194764157233 0.2953406763286863 0.06618042062727433 0.996266024080693 0.05544246508635005 -0.06383275388162807 0.07015824759627703 -0.060072863349750996 0.9957253859964673 0.1989472663532027 0.0 0.0 0.0 1.0
0.9947286934915174 -0.06483046741755191 -0.07944524223158765 0.31540518121105376 0.06966743825632621 0.995781971299233 0.059703185358590156 -0.06687687777024189 0.07523955328809541 -0.06492321363208294 0.99504972230789 0.2018216732664215 0.0 0.0 0.0 1.0
0.9945094174137543 -0.06736478607854048 -0.08007978601533454 0.3230686996868119 0.07199919259855017 0.995805065895969 0.056463967209433974 -0.06510065748269264 0.07594017344452683 -0.06191961795643545 0.9951879461182677 0.20116338661198582 0.0 0.0 0.0 1.0
0.9934224898631895 -0.07302555452799064 -0.08819706258983483 0.34514978162405524 0.07887542240430709 0.9947781172021829 0.06476791482209336 -0.07196757613919566 0.08300680261655252 -0.07129848237556369 0.993995147801106 0.20286237938696638 0.0 0.0 0.0 1.0
0.9931284149291002 -0.07465817938583709 -0.0901213404645656 0.3546624707208574 0.0806851527194475 0.9946052371920815 0.06519253604497177 -0.07345834546584426 0.08476801970679362 -0.07201600965100712 0.9937947559838136 0.20449681255843327 0.0 0.0 0.0 1.0
0.9928014965630626 -0.07451499660175663 -0.09376787744832413 0.37147782903678295 0.08161346877391866 0.9938912391382999 0.0742910734033818 -0.07929531048200193 0.08765927960442733 -0.08140900899387545 0.9928184168827662 0.20682026545717186 0.0 0.0 0.0 1.0
0.9924198955462719 -0.07768341937406387 -0.09522508776231844 0.3801098770145074 0.084471936937619 0.9940019800261966 0.06945752658388464 -0.07712401130343684 0.0892582357378143 -0.07697488224801063 0.9930295957899674 0.2071740151324638 0.0 0.0 0.0 1.0
0.9913698893410933 -0.08184625676609111 -0.10240424704408689 0.3964892457424545 0.0896943656725276 0.9931765227961084 0.07453257774547137 -0.08262719207598133 0.09560528349677327 -0.08307443838173363 0.9919466787075285 0.2080744951143468 0.0 0.0 0.0 1.0
0.9911139367265756 -0.07987329495344803 -0.10636340554672824 0.40523982104831247 0.08829451572695855 0.993116296916093 0.07696627022828104 -0.08450598126614788 0.09948370306706734 -0.0856736462554319 0.9913440408467942 0.20811811655614998 0.0 0.0 0.0 1.0
0.9902725929692544 -0.08325721706628614 -0.11148182426768262 0.41940385565768207 0.09212861786518106 0.9927702119817567 0.07693721961307527 -0.08143366941414207 0.10427026535450634 -0.08645948316206885 0.990783750813875 0.2110199935783935 0.0 0.0 0.0 1.0
0.9901905134703101 -0.0849944401621228 -0.11089825189084498 0.42238865043358986 0.09392973655377639 0.9925187591698615 0.07799669728088436 -0.08264731135383872 0.10343932785345061 -0.08764823500750646 0.9907664153294762 0.21115623938184408 0.0 0.0 0.0 1.0
0.9906650258646263 -0.08319478031344736 -0.10798683673342319 0.4283409769229386 0.09222698480831218 0.9923946764038855 0.08152785104771082 -0.08651243807366733 0.10038287830854231 -0.09072609497528762 0.9908037490788995 0.20705374351993341 0.0 0.0 0.0 1.0
0.989497830668064 -0.08998717868688202 -0.11311980148858027 0.43722824524320014 0.09893856226421363 0.9921738017652723 0.07617154444009377 -0.08304331540868223 0.105380065945373 -0.08656349188770035 0.990657255501119 0.20430807515069313 0.0 0.0 0.0 1.0
0.9889088774622321 -0.09223070442503921 -0.11641524681904665 0.4493981647209166 0.10090643033542371 0.992361898946478 0.07096119670963695 -0.07942637296816121 0.10898125322927292 -0.08192119548651014 0.9906624214952191 0.20437494737814937 0.0 0.0 0.0 1.0
0.9887119081355634 -0.0929431312448708 -0.11751620019870998 0.4548121041335277 0.10223256972480525 0.9918796922388199 0.07564994469088308 -0.08264941418273013 0.10953080029750212 -0.0868099800041504 0.9901853448184099 0.20205343885028215 0.0 0.0 0.0 1.0
0.9882316288464679 -0.0996469994136847 -0.11605353704611979 0.4631087875593818 0.10838225229361739 0.9915309610240339 0.07154999738997674 -0.08472733027850601 0.10794096438769316 -0.08328612040673161 0.9906624835361203 0.2088316755856183 0.0 0.0 0.0 1.0
0.9888434121704684 -0.10087945449446079 -0.10959841141887847 0.4603120058837531 0.10876613476138934 0.9917025816104318 0.06852474185572403 -0.08505211423302518 0.101776294460718 -0.07968082997207807 0.9916110609871649 0.20472424170139505 0.0 0.0 0.0 1.0
0.9890148478365814 -0.10388916367940736 -0.10514966236269341 0.4649613976379843 0.11074216788252765 0.9919402215631747 0.06156698667892938 -0.08103122617822467 0.09790604977839665 -0.07253515625894795 0.9925487759318791 0.20075672252165458 0.0 0.0 0.0 1.0
0.9886410781500494 -0.10626984379871783 -0.10627937242694684 0.47185150605527393 0.11276746132383954 0.9919790218310933 0.057104503568471875 -0.07666618973702855 0.0993584394627317 -0.06844071139028167 0.9926951664721132 0.199929773023476 0.0 0.0 0.0 1.0
0.9887521259938891 -0.10701649716162184 -0.10448207323519813 0.4764790356717461 0.11368404291544616 0.9916986869947179 0.060078837494101714 -0.07832397342962467 0.0971853077932294 -0.0712810228270227 0.9927104440339624 0.20168364262323318 0.0 0.0 0.0 1.0
0.9889034835204695 -0.10666558226244942 -0.10340238165426838 0.4803657627186579 0.11328022059217815 0.9917286969230502 0.06034514315340316 -0.07809711777598571 0.09611037973059237 -0.07138896793631666 0.9928073342034348 0.20266151205753943 0.0 0.0 0.0 1.0
0.9895231292804225 -0.10910693190129728 -0.09454854004611711 0.4803975104026232 0.1149665316009386 0.9916213178030897 0.0589033081560269 -0.07469326747130367 0.08732959086207762 -0.06915609995704557 0.9937760909542737 0.2044824455432505 0.0 0.0 0.0 1.0
0.9893092567845498 -0.1117417068369112 -0.09370545320150553 0.48555863657201603 0.11749938192627837 0.9913574186153908 0.05834443068239179 -0.07061514910057483 0.086376107628002 -0.06873101398359528 0.993888942257135 0.2059335846014232 0.0 0.0 0.0 1.0
0.9899550596711926 -0.1100535083160035 -0.088752409772875 0.49041301576523333 0.11575589771201854 0.9913483468820995 0.06187670260335801 -0.06889395710805156 0.08117480594421372 -0.07152876781570308 0.9941298901732607 0.20968248118212013 0.0 0.0 0.0 1.0
0.9900436611671245 -0.11037948497304693 -0.0873478047885699 0.4947926933726842 0.1163842476276753 0.9909472371029311 0.06691850890683618 -0.06893839073733195 0.07917064729261734 -0.07641815431862813 0.993927682301456 0.20703319692707603 0.0 0.0 0.0 1.0
0.9905205853432043 -0.11069393465715487 -0.08133632803304515 0.4996832282000381 0.11605445079812465 0.9911513214971983 0.06442165217329711 -0.06442321156311245 0.07348553419669641 -0.07325040748267561 0.9946025393171538 0.20862091843097225 0.0 0.0 0.0 1.0
0.9912081941231162 -0.10760216274683264 -0.07699205727437161 0.5023398294354743 0.1126556237963019 0.9915313594629025 0.06460677120945671 -0.061659740632464946 0.06938821907361925 -0.07271234718697507 0.9949362894326554 0.20883894623929586 0.0 0.0 0.0 1.0
0.991328161950147 -0.1093179404974892 -0.072923325115036 0.5053542773135855 0.1138750083527361 0.991585756220446 0.06156229148349861 -0.05419509717905878 0.06557987103027987 -0.0693325685306685 0.9954357097155547 0.211503044663174 0.0 0.0 0.0 1.0
0.991963287621149 -0.10843480550809557 -0.06519582932539801 0.5027742253906236 0.11242008189405195 0.9917913332435234 0.060921476105695614 -0.05207994893195085 0.058054658713115305 -0.06776118084070545 0.9960110437925386 0.20981904020314576 0.0 0.0 0.0 1.0
0.9925132443245533 -0.10627867315171037 -0.060183440053258215 0.5058459384828908 0.11028008744067329 0.9915986094120963 0.06760333336036732 -0.04911961276755178 0.05249302515001692 -0.07373423753032816 0.9958954152478606 0.20976196872103478 0.0 0.0 0.0 1.0
0.9924015411781907 -0.1080064710727674 -0.05893676059635792 0.5096811366409053 0.11198683293397607 0.9913094573635634 0.0690233519748122 -0.045490828067602615 0.050969590588716376 -0.0750990175852926 0.9958726110985444 0.20878188526003774 0.0 0.0 0.0 1.0
0.9925246467438424 -0.10904428690153155 -0.05480776422044092 0.5086853940222427 0.11273788163305995 0.9911877570599407 0.06954689378061943 -0.04086637894305814 0.04674108546521706 -0.07520591808811661 0.9960719211174165 0.20779380516067147 0.0 0.0 0.0 1.0
0.9929581153804071 -0.10657310313955712 -0.05173135561482906 0.5063614969919693 0.11032084960794172 0.990986090900464 0.07599758304341314 -0.041161468753110775 0.043165751404674164 -0.08116946178174791 0.9957651154294048 0.20490194456449745 0.0 0.0 0.0 1.0
0.993589890141355 -0.10111673793298469 -0.050540196827046274 0.5069627705239514 0.10489122145165135 0.9913689176349099 0.07864636406108753 -0.03946176678707092 0.04215151517730029 -0.08344344969945162 0.9956206166050926 0.2070228164716749 0.0 0.0 0.0 1.0
0.9940743125761504 -0.09951595392569523 -0.043733606952001194 0.49927717532985516 0.10271271661512411 0.9916305423255953 0.07822264016825452 -0.037741460710164376 0.035583177504287605 -0.08225111331274383 0.9959761890720624 0.20454137239847042 0.0 0.0 0.0 1.0
0.9947160835251885 -0.09443597659981413 -0.04026851807670963 0.4944555822747868 0.09752176211902351 0.991751482530439 0.08317637443750235 -0.04028409369428275 0.03208151238185104 -0.08666393980772455 0.9957208881731454 0.20241878086068207 0.0 0.0 0.0 1.0
0.9948720690829773 -0.09324216305174814 -0.03918161756789545 0.49222787633483894 0.09627925477159147 0.9917590405547059 0.08452244155406506 -0.04288549069474415 0.030977657366321406 -0.08786139640528909 0.9956508832374987 0.20283367515512082 0.0 0.0 0.0 1.0
0.9956783419856484 -0.08932505072220116 -0.02540519826371956 0.4795178105494858 0.09126036335203168 0.9917977289914477 0.08949067061262367 -0.047174095733854254 0.01720304885553322 -0.09142241060410007 0.9956636052820973 0.19975839534111262 0.0 0.0 0.0 1.0
0.9959537933459597 -0.08661349508679707 -0.023956080153084057 0.47624283319442207 0.08845758610948548 0.9918772616047595 0.09140275219922674 -0.049720717617254856 0.015844773676609573 -0.09315201372524236 0.9955257980324523 0.2003888563847327 0.0 0.0 0.0 1.0
0.9965727290428897 -0.079957643815382 -0.02119798667310171 0.47148641589354456 0.0815878551196965 0.9923626449518063 0.09251817295151524 -0.052219964785635876 0.013638544945265197 -0.09393059066022197 0.9954853037648917 0.19993352344910217 0.0 0.0 0.0 1.0
0.9969770210631196 -0.07409335627131775 -0.023381442005417023 0.47110918927071305 0.07591689252856039 0.9930165037524679 0.09030303238411967 -0.05279274456052228 0.016527293599971796 -0.09180510544888734 0.9956397905086558 0.2028056482297873 0.0 0.0 0.0 1.0
0.9972027017938556 -0.07082812403722964 -0.023871456869547305 0.46640768705229263 0.07282093458704474 0.9926369998284734 0.0967917736439715 -0.05901671253680665 0.016840105397610765 -0.09825936765391098 0.9950183068321324 0.20690832198135417 0.0 0.0 0.0 1.0
0.9974149851346813 -0.06892694350741504 -0.020300588098950374 0.45949873933342933 0.0706335897862419 0.992382237814527 0.1009366217241308 -0.0654533239571328 0.01318868443180422 -0.10210961061568559 0.9946857317011807 0.21077103650197557 0.0 0.0 0.0 1.0
0.9977540859585026 -0.06549910328300823 -0.014014238510849953 0.4508817979771389 0.06658994523854365 0.9925594814699719 0.1019374920870639 -0.07005002743409652 0.007233138719327686 -0.10264176738067148 0.9946920522020803 0.21483298516833776 0.0 0.0 0.0 1.0
0.997976789791495 -0.06246316378750542 -0.011849871668962508 0.44891268941677853 0.0633485195806971 0.9927585232530561 0.10206500889375264 -0.07425304538250863 0.005388745420448619 -0.10260918558735918 0.9947071610016136 0.21521549705312612 0.0 0.0 0.0 1.0
0.9985582064048468 -0.053423739504764964 -0.005216514608855374 0.4345668272149058 0.053674887294064305 0.9927504829527833 0.10754177123365963 -0.08828772303806628 -0.0005665981832824458 -0.10766671958239141 0.9941868417836361 0.2190647056278504 0.0 0.0 0.0 1.0
0.9986610422371961 -0.0515761885405077 -0.003966038356099192 0.42918877396262417 0.051698612599169566 0.9925397611196913 0.11041680607048349 -0.09158524321974468 -0.00175844006077563 -0.11047401052853059 0.9938774600753313 0.22113678733662948 0.0 0.0 0.0 1.0
0.9988099682503998 -0.048765573441408853 -0.0005284166585638464 0.4194385129711315 0.048524169189872464 0.9926645136190813 0.11073562250081732 -0.09724879732155745 -0.004875560094202608 -0.11062949755493054 0.9938497383316917 0.22357744357993783 0.0 0.0 0.0 1.0
0.9988999220922508 -0.0468807836301329 -0.0009440287535096892 0.41679719476904487 0.04669066747085759 0.9925886206876804 0.11219449357914252 -0.09912597298125254 -0.00432274722560186 -0.11211515991053861 0.9936857824916471 0.22340831818367268 0.0 0.0 0.0 1.0
0.9990214028231247 -0.04364792344840866 0.00713102475697254 0.4030346158521109 0.04258815257296194 0.9929038089418392 0.11103183243791885 -0.10155821337873877 -0.0119267466110446 -0.11061949074550209 0.9937912355623655 0.22540664817845124 0.0 0.0 0.0 1.0
0.9992112663394458 -0.0388608630421164 0.00814845257076769 0.3943478099917211 0.037706740783653485 0.9930016712008896 0.11191805065711978 -0.10460711148740451 -0.012440674909313209 -0.11152253430509161 0.9936840284765851 0.22763832483100904 0.0 0.0 0.0 1.0
0.9991939314461225 -0.038559339780312715 0.01115187292718354 0.38534137102370075 0.0369761964663526 0.9923162706632048 0.11807198511568144 -0.1099067215421713 -0.015618978827636824 -0.11756447179790581 0.9929424047674704 0.232307936286277 0.0 0.0 0.0 1.0
0.9991877207565305 -0.03822370267709018 0.01275071181830086 0.3854696409482703 0.03643761446685592 0.992216786399028 0.11907103162093502 -0.10946598888653243 -0.017202823567918798 -0.11850971994761861 0.9928038246886237 0.23344999234332553 0.0 0.0 0.0 1.0
0.9990567054165514 -0.03723202534992774 0.022343169476149293 0.37234511878630416 0.03406292844342187 0.991125552199066 0.12848989222115484 -0.1156605483135729 -0.026928844507050947 -0.12760763048421198 0.9914590570859763 0.2412133238614596 0.0 0.0 0.0 1.0
0.9989785362308172 -0.03467316696166547 0.028972274758319976 0.36463700891446194 0.030597947701971332 0.9909257799289539 0.1308802987277727 -0.11783467867211793 -0.033247427342247726 -0.12986013201771893 0.9909747255135045 0.24585342310048608 0.0 0.0 0.0 1.0
0.9987958035166072 -0.03285692607174967 0.03643027024091142 0.3521836576833885 0.027831645901370796 0.9910222688159362 0.13076694981215436 -0.12270945732960364 -0.040399834171716165 -0.12959557229998475 0.9907435636943214 0.2454075544438989 0.0 0.0 0.0 1.0
0.9987483620609716 -0.032379223615033495 0.03811892177362184 0.3478921312567285 0.027175688260200094 0.9911559092679544 0.12988936603678494 -0.12266309472159544 -0.041987532386555775 -0.1286908967407168 0.9907954779671063 0.24364580699422017 0.0 0.0 0.0 1.0
0.9980338782255204 -0.028164540473239418 0.05598972763119567 0.33268639570926345 0.02023722507079878 0.9903059376101673 0.13742041927262846 -0.1370962848071413 -0.059317369124943356 -0.13601717115959422 0.9889291093859964 0.2531297411215823 0.0 0.0 0.0 1.0
0.9990146288220144 -0.03292799448779328 0.02974407004538525 0.36076651976759405 0.02793606849339339 0.9875274285884161 0.15494770502609093 -0.15756170105961237 -0.03447521647146865 -0.1539641376046483 0.9874750305774006 0.223654264104055 0.0 0.0 0.0 1.0
0.9980642919892496 -0.030728046138175015 0.054061794638563226 0.33576730826940704 0.022299288432065714 0.988415470244937 0.15012404077025224 -0.16260879677002119 -0.05804856501136716 -0.14862795025170422 0.9871881746933527 0.22943045188631256 0.0 0.0 0.0 1.0
0.9980714299911038 -0.03304457157620836 0.05254274899474766 0.3400386534092537 0.024835705617265905 0.9883970740504178 0.14984686598316668 -0.165056428037517 -0.05688476013914849 -0.14825299580590684 0.9873122727424697 0.22422545869014143 0.0 0.0 0.0 1.0
0.9975514569662987 -0.027681279311891457 0.06421893733753582 0.328791871236233 0.018192288147219356 0.9894254160127678 0.14389589938455433 -0.1678729701431692 -0.06752311192787508 -0.14237531719008703 0.9875071222398402 0.22664906323103037 0.0 0.0 0.0 1.0
0.9973183045313626 -0.027738095832613885 0.0677204662077758 0.3232717445736451 0.01777277207745108 0.9894832807011288 0.14355028504092382 -0.1734621046458171 -0.07099012141451447 -0.14196178954647065 0.9873234934703697 0.23026644382029673 0.0 0.0 0.0 1.0
0.9968390825000486 -0.026578863026935535 0.0748637895430487 0.31115532524490325 0.015514093524294894 0.9893573507332242 0.14467560829975237 -0.18041783587311824 -0.07791239966667261 -0.14305689894236306 0.9866432110994128 0.23382508035943364 0.0 0.0 0.0 1.0
0.9962700390256439 -0.02366948804954509 0.08297582234897993 0.3025116285778621 0.010971407366193828 0.9885839003474028 0.15027035771199526 -0.18469437245689502 -0.08558543032661528 -0.14879953264054233 0.9851569659069563 0.2352110302415647 0.0 0.0 0.0 1.0
0.9957159062017165 -0.023618303281264096 0.08939344877221012 0.29215993870740603 0.010083398925471311 0.9887959403378195 0.14893160878901832 -0.18546427213707853 -0.09190943888417233 -0.14739223184379396 0.9847987553983376 0.2402083838734466 0.0 0.0 0.0 1.0
0.9961428512692063 -0.02565955405328463 0.08390605687445268 0.29703208903967987 0.013332592864096748 0.9894441456951709 0.14429888006667446 -0.18574395375111374 -0.08672304638892339 -0.14262365047048386 0.9859706148264843 0.24063434778813958 0.0 0.0 0.0 1.0
0.9954546474371816 -0.025965721786921792 0.09162464941646842 0.2879645868075598 0.012022152673514164 0.9886779576833522 0.14956949402421016 -0.19109565621676547 -0.09447101243002348 -0.14778815628019967 0.984496984995948 0.23774904625282176 0.0 0.0 0.0 1.0
0.9953948883742324 -0.023559134995797128 0.09291504739353501 0.28584152644166433 0.008581378207010272 0.9873355042338827 0.15841272672099851 -0.19803304773317493 -0.09547046286463194 -0.15688593778050008 0.9829916487447662 0.24000139345115018 0.0 0.0 0.0 1.0
0.9941922507520692 -0.023698219657509175 0.10497335070970783 0.2754114014839025 0.00679461031398018 0.9873285139776752 0.15854314040217637 -0.20200617906591184 -0.10740043715594251 -0.1569091618275609 0.9817560894873951 0.23955703474958057 0.0 0.0 0.0 1.0
0.9936469481036964 -0.024928009216427294 0.10974316828878876 0.27188639908169715 0.007054935592884647 0.9870385539333325 0.16032719963969624 -0.2050649100138018 -0.11231744298778934 -0.1585344438015734 0.9809444687129243 0.2423316622072846 0.0 0.0 0.0 1.0
0.9933887206714918 -0.026533434430610302 0.11168730837698156 0.27027471785574025 0.008737950851825564 0.9875758588969902 0.15689893881637565 -0.20785904428556592 -0.11446283086562116 -0.1548857740394896 0.9812792877149921 0.24682740713354695 0.0 0.0 0.0 1.0
0.9940177447600254 -0.02774152568557604 0.10563327928011305 0.27445211010265397 0.01164540303054818 0.9886103007056699 0.15004593081476778 -0.20536324374538284 -0.10859272633706323 -0.14791821438944622 0.9830199650181621 0.2540443260606584 0.0 0.0 0.0 1.0
0.9938671228265725 -0.02353136165485394 0.10804441737644116 0.26975987445383104 0.006889185641125307 0.9883732502802517 0.15188987315774277 -0.20886867623545607 -0.1103624608638302 -0.15021406378258975 0.9824745850669766 0.2574435426320222 0.0 0.0 0.0 1.0
0.9938881376025729 -0.025088830642567377 0.10749944647020047 0.2737994464538408 0.008975411014319814 0.9889719125858374 0.1478297723829488 -0.208749102190511 -0.11002287390426904 -0.14596144393947988 0.98315339424543 0.2558412378895054 0.0 0.0 0.0 1.0
0.993859673610565 -0.020463665509908652 0.10873553121780032 0.27023961096926596 0.0036467169765653103 0.9882721520881584 0.15265816126391954 -0.21687429755506418 -0.11058432147387977 -0.15132430086054136 0.982279198963489 0.2527668249799998 0.0 0.0 0.0 1.0
0.9936070767677359 -0.022437834002745568 0.11063766323969239 0.2664734319867871 0.0056059161666528225 0.9886460835765105 0.15015701272450688 -0.21779802716781274 -0.11275077349083217 -0.14857689660492343 0.9824523310302347 0.24983975576950984 0.0 0.0 0.0 1.0
0.9938744218167772 -0.023348791617210415 0.1080170733993991 0.26475438189426237 0.0064472280095025855 0.9880113154030667 0.1542455913201489 -0.22663593193724216 -0.11032360434711547 -0.1526043930866845 0.9821104906413992 0.2553042458141272 0.0 0.0 0.0 1.0
0.9932915340134525 -0.022840224873385998 0.11335557532578439 0.25941182973118276 0.004593779485260168 0.9873186622344975 0.15868335245525406 -0.23085885412522342 -0.11554252269596263 -0.15709814755291096 0.9808009361513098 0.26014600077034966 0.0 0.0 0.0 1.0
0.9920688018925388 -0.016611616729772623 0.12459061150619515 0.24424581152116515 -0.004173746188896269 0.9863279214230742 0.16474082805543475 -0.23759459448194234 -0.12562389711486754 -0.16395429560213365 0.9784365067814178 0.2607469234124907 0.0 0.0 0.0 1.0
0.9920692863066037 -0.016200363616358675 0.12464091840543545 0.24019691941257487 -0.004476737273307982 0.9864748557813142 0.16385071382382146 -0.2381144069022783 -0.12560965679220476 -0.16310930322093284 0.9785795646532626 0.26215575744347497 0.0 0.0 0.0 1.0
0.9926720087532191 -0.013350375407044106 0.12009707707254622 0.23314762870085115 -0.005750084346420951 0.9875331335212955 0.1573052705195118 -0.23249668094307843 -0.1207000012258455 -0.15684315552772246 0.9802204584375582 0.26795679050635135 0.0 0.0 0.0 1.0
0.9921352540549213 -0.014066943324636021 0.12437433416224822 0.22894938510190005 -0.005649261070230927 0.9876195059555346 0.15676582216386495 -0.23302745678576237 -0.12503981593952831 -0.15623557313037936 0.9797733907389179 0.26464384471688607 0.0 0.0 0.0 1.0
0.9919080396374934 -0.01601066642207563 0.12594154714653016 0.22002078034641115 -0.0052078666015234615 0.9860492384583536 0.1663712799457765 -0.2431156089653592 -0.12684836395953517 -0.1656809532979436 0.9779876143781625 0.2681203124720345 0.0 0.0 0.0 1.0
0.9917943995801926 -0.014266312688448492 0.12704141455172777 0.21293556221811027 -0.006656298563088208 0.9866427946895154 0.16276155872316161 -0.24150706230228625 -0.12766658871634373 -0.16227168182591775 0.978452659819972 0.27119475858870534 0.0 0.0 0.0 1.0
0.994127536376072 -0.013899070875647417 0.10731489783541921 0.2147962630258224 -0.0028933109739132474 0.9879478992349994 0.15475855477701214 -0.23295274165553043 -0.10817260634277494 -0.15416027854637634 0.9821067515294755 0.26506933590895965 0.0 0.0 0.0 1.0
0.9923808154879871 -0.016207483220725447 0.12213472608082974 0.1989079926585698 -0.003727497340757101 0.9869062032240695 0.16125132940894546 -0.23755368754829484 -0.12314908007479151 -0.16047803345175568 0.9793270449150412 0.26969961286952193 0.0 0.0 0.0 1.0
0.9931364172300023 -0.008650915420299526 0.1166382741899521 0.1849544763423343 -0.010645956541114913 0.9864343870377038 0.16380962420338988 -0.23845248932866783 -0.11647317407695297 -0.16392707595192124 0.9795725242795085 0.27017410209797754 0.0 0.0 0.0 1.0
0.9922386809177457 -0.0103500758280627 0.1239133666335466 0.17458963144134743 -0.01070958241668622 0.9857131987440743 0.16809074354182307 -0.23911502623909292 -0.12388287507157052 -0.16811325683968914 0.9779526411895466 0.26902366844756054 0.0 0.0 0.0 1.0
0.9918871311164477 -0.006943892923055544 0.12692876088401414 0.1539526091828422 -0.01554643406665648 0.9843848627127801 0.17534079925678353 -0.24284615294015843 -0.12616438730893817 -0.17589163405803365 0.9762915198003198 0.27203994380178487 0.0 0.0 0.0 1.0
0.9921711541705279 -0.013150248636172524 0.12418822159509675 0.1483961346845562 -0.008495744918823179 0.985028856335284 0.17217918903844 -0.23715599918478797 -0.12459325837803177 -0.17188636075982588 0.9772062067900847 0.27016619731428915 0.0 0.0 0.0 1.0
0.9918742753425517 -0.0113534117869421 0.12671111987050093 0.13151927593820162 -0.01010458825162214 0.9858322747888375 0.1674285432104373 -0.23126036756196058 -0.12681689233041393 -0.16734849681079522 0.9777077278624955 0.27484186201736094 0.0 0.0 0.0 1.0
0.9935797124999765 -0.004758497446613099 0.11303067638600522 0.1321270298311062 -0.014066685675770414 0.9861649442561456 0.16516805170516632 -0.22756073083244233 -0.11225291602859531 -0.1656976459808405 0.9797672907130277 0.27133765198282983 0.0 0.0 0.0 1.0
0.994047029794311 -0.0046043272736428055 0.10885113354870911 0.11583764694428877 -0.012937888008826257 0.987047829699351 0.15990261139177808 -0.21785100488110642 -0.10817759158119773 -0.16035906778508277 0.9811131322945597 0.2611604964433747 0.0 0.0 0.0 1.0
0.9939508347595051 -0.0011269288785708727 0.10981646680895972 0.10388673347378344 -0.017169223857145408 0.9860571481038098 0.16551800434496985 -0.22065657173220166 -0.10847190509929425 -0.1664022882121994 0.9800737215216673 0.26542034568360073 0.0 0.0 0.0 1.0
0.9937023643549279 0.007952452933180615 0.11176569402704689 0.08069089694450143 -0.026345813394601188 0.9860956768975553 0.16407572242735904 -0.217015036967474 -0.1089069453776528 -0.16598705824036133 0.9800959140394364 0.2606433091088969 0.0 0.0 0.0 1.0
0.9941968755371913 0.014875354351430526 0.10653905191862031 0.07483456358309679 -0.03315807164099659 0.9845460020001442 0.17195762337272466 -0.22197051632171527 -0.10233473060785184 -0.17449242506471085 0.979326485361078 0.2586760115666241 0.0 0.0 0.0 1.0
0.9946433281046273 0.01689822338375268 0.10197223705313789 0.05726175170812367 -0.034334317363916365 0.9845424911170638 0.17174677700277116 -0.22018105152605688 -0.09749384752135909 -0.17432800649507926 0.9798495310229013 0.26280373887538466 0.0 0.0 0.0 1.0
0.9949153672183021 0.019650432481539068 0.09877488289128254 0.04851521852374058 -0.03689564083472746 0.983710396517547 0.17593267777704386 -0.2197572128544219 -0.09370878150574971 -0.1786825579634579 0.9794343566961742 0.2672942083004317 0.0 0.0 0.0 1.0
0.9954287544872205 0.02382707912770003 0.09248311299674722 0.031218448099845364 -0.03945939484153727 0.9844663848728259 0.1710807492464274 -0.21394610913459636 -0.08697021984146404 -0.17394808435711231 0.9809070641369231 0.26666788992468593 0.0 0.0 0.0 1.0
0.9962108435661551 0.023437428460269853 0.08374917432132226 0.02682335815083217 -0.038241708119922495 0.9829578278518557 0.17980857156317456 -0.21690879555162992 -0.07810771332879678 -0.1823300276175712 0.9801302879264518 0.26846397890563534 0.0 0.0 0.0 1.0
0.9960750886938431 0.02958351094369389 0.0834175852388121 0.005371613257754704 -0.04423844551254007 0.9827208891019308 0.17972827798955682 -0.21737760815305698 -0.07665926451637065 -0.18271318904052442 0.9801732510582026 0.269261690820875 0.0 0.0 0.0 1.0
0.9963318563134593 0.031095656480104653 0.07971870572057317 -0.0014055046493536838 -0.0449509886880078 0.9829319853593093 0.17839239081322664 -0.214579651656143 -0.07281087940395228 -0.18132153988033886 0.9807249983289207 0.269504456202707 0.0 0.0 0.0 1.0
0.9965853784706035 0.04258265157689412 0.07073558825716059 -0.01673816692493796 -0.055355385765776775 0.9802650311435607 0.1897786424840233 -0.221439843064547 -0.06125838242850557 -0.19304629768198683 0.9792757306460859 0.27571734720815194 0.0 0.0 0.0 1.0
0.9964672517519297 0.04772722819941535 0.0690969714642159 -0.02440385565438498 -0.059743735927169105 0.981129792049991 0.18388779081974505 -0.21590260512099022 -0.059016679446305995 -0.18736634530225799 0.9805158404555475 0.26920328241787067 0.0 0.0 0.0 1.0
0.9964971427935017 0.051518069996900444 0.0658677081433093 -0.03977378713106511 -0.06329589961974029 0.9794451879955653 0.19152147145795023 -0.22020070613166315 -0.054647028519977686 -0.1950198275462639 0.9792759162519137 0.2752013231736704 0.0 0.0 0.0 1.0
0.9968964806928846 0.053716445822752014 0.05754303258738734 -0.042652987092061834 -0.06372501889222333 0.9798476856665146 0.189307618296767 -0.21691400107143885 -0.046214498906193564 -0.19238710135212642 0.9802304762640911 0.2808468551385504 0.0 0.0 0.0 1.0
0.9967430877208074 0.059413697322055516 0.05452071031336684 -0.05793872882393977 -0.069077582504489 0.9779315838580173 0.19717444132204645 -0.22117631777574723 -0.04160268704775431 -0.20029850925358245 0.9788514602896498 0.2853270142376608 0.0 0.0 0.0 1.0
0.996522757098461 0.06569034434704124 0.05124862049409328 -0.06207814149523462 -0.07444285876394448 0.9782490146152354 0.1936152264225235 -0.21430484477671136 -0.03741528491364897 -0.19675715188082005 0.9797382810029571 0.28263854772775043 0.0 0.0 0.0 1.0
0.9963614263245556 0.07321050791494114 0.04362700632488959 -0.07195938973740226 -0.08030155371804332 0.9779321013676445 0.1928734512009601 -0.21194166019084615 -0.028543904193230496 -0.19567505542202793 0.9802534696523993 0.2806756531080472 0.0 0.0 0.0 1.0
0.9963649100375893 0.07595012102513173 0.03857136857692221 -0.07598911924548854 -0.08187736237813052 0.9788129461010626 0.187672563424008 -0.2077499537363509 -0.02350041463880152 -0.19014856298940963 0.9814741997175908 0.28318315397696936 0.0 0.0 0.0 1.0
0.9957114641066374 0.08509592765575288 0.03628416374328553 -0.08821493142827844 -0.09044756162078015 0.9778515059525069 0.18874675702079483 -0.2054559509475932 -0.019418953040568003 -0.19121921494842872 0.9813554665577318 0.2882768142676564 0.0 0.0 0.0 1.0
0.9952512382825149 0.0910739759655404 0.034346420187815134 -0.0937767827706407 -0.09591386767192918 0.9777148283109814 0.18674568918875886 -0.20429525980360436 -0.01657334071144512 -0.189153276889838 0.9818079145611405 0.28958811954444197 0.0 0.0 0.0 1.0
0.9953944935570356 0.09439878985075087 0.016670612470627018 -0.09778579252974776 -0.09582449230153778 0.9751708457848474 0.19964763836168745 -0.20857637056626752 0.0025898044157785425 -0.20032568388672511 0.9797261183369042 0.29142559519907574 0.0 0.0 0.0 1.0
0.9948412344644468 0.1006219486566326 0.012857812217951977 -0.10128782491767943 -0.10119169130150527 0.9755347215185151 0.19517162924743411 -0.20387352720878804 0.0070953164393984716 -0.19546597093316367 0.980685032496805 0.28932050544833215 0.0 0.0 0.0 1.0
0.9947748493564175 0.10208089499675668 0.0013287539203484995 -0.1056879469301425 -0.10012781067389119 0.9730376356955186 0.20777832338372676 -0.20888619593762214 0.019917287458757704 -0.20682578081356998 0.9781752552983752 0.291798011015101 0.0 0.0 0.0 1.0
0.9941871904953343 0.10764890563087787 -0.001651906497345108 -0.11078570343619554 -0.10507472004423248 0.9735284965065066 0.20298101174586278 -0.20649832343686056 0.023458880092421617 -0.2016276421787771 0.9791814785295682 0.2924039924273074 0.0 0.0 0.0 1.0
0.9938613610352851 0.11027348957800231 -0.008864231002186517 -0.1158511946396154 -0.10611389104291065 0.9728901290775244 0.20548566385133216 -0.207580524025031 0.0312835700869663 -0.20328371197191744 0.9786202169993202 0.2966007758887743 0.0 0.0 0.0 1.0
0.9937366030142106 0.11077676062660753 -0.01467386266071166 -0.11598469079768317 -0.10534367792047045 0.972508310332234 0.20767758258179428 -0.20809343254091062 0.0372763342617181 -0.20483109205281103 0.9780874751134636 0.29478284883560824 0.0 0.0 0.0 1.0
0.9929068121236921 0.11701331511496015 -0.02105259195031937 -0.1232223575316535 -0.11030764362096929 0.9727218528121252 0.20406883745669746 -0.20267059003701365 0.044357123006394696 -0.20029915646277346 0.9787303757207718 0.2913721291199991 0.0 0.0 0.0 1.0
0.9932643358373591 0.11339800924171337 -0.023793672682414186 -0.12584400166129614 -0.10601333335540397 0.9722951000111562 0.20833422788124104 -0.203006225225852 0.04675919323652538 -0.2044085884595378 0.9777684441971435 0.29303024851452675 0.0 0.0 0.0 1.0
0.992709862558895 0.11716096388378865 -0.028277446942469874 -0.1321420648907016 -0.10885699364162117 0.9722868885379771 0.20690111121847163 -0.1967182732414661 0.051734566200480156 -0.20231467051530566 0.9779533225788642 0.2945978123207348 0.0 0.0 0.0 1.0
0.9924784295096333 0.11856488696912111 -0.03046642234464319 -0.13687871380899577 -0.10992900103752014 0.9727028889110841 0.20436328096127251 -0.19447431489725214 0.05386512985566426 -0.1994770852298649 0.9784211036833552 0.28700663842334384 0.0 0.0 0.0 1.0
0.9922788839463299 0.11850676478509667 -0.03657815474090305 -0.14233406790991668 -0.10884991099446255 0.9734991014047908 0.20112393268904 -0.1866268769586133 0.05944339880240138 -0.19558959964332814 0.978882847269064 0.2809604740807029 0.0 0.0 0.0 1.0
0.9923228349025605 0.11760784062670088 -0.038250027355900475 -0.145598590569696 -0.10768820298924106 0.9737871876436458 0.2003533368245796 -0.18360753618691866 0.06081055947736774 -0.194696202139362 0.978976977049306 0.2808178374268041 0.0 0.0 0.0 1.0
0.9919277756935577 0.11753246179047848 -0.04758805217657466 -0.146540837320307 -0.10591822561415239 0.9743335913418342 0.19863312302570266 -0.17909458880673382 0.06971253784086062 -0.1919893592046503 0.9789181323767598 0.27686949570642144 0.0 0.0 0.0 1.0
0.9920459551106362 0.11534504331427145 -0.05039380535226618 -0.14885310749407585 -0.10328508996936883 0.974771303677604 0.1978707240159693 -0.17449632992165207 0.07194590066094425 -0.19109200068784107 0.978932085292886 0.2701401249965218 0.0 0.0 0.0 1.0
0.9916286609480441 0.11700280417429511 -0.054609121975101635 -0.15366357622794885 -0.10508102873353213 0.9770551883822155 0.1852587912563246 -0.159169414724235 0.07503197665968468 -0.17796962790969123 0.9811714625102189 0.2562334114949006 0.0 0.0 0.0 1.0
0.9920612630106467 0.11447701769966873 -0.052045206943856594 -0.15886474849049956 -0.10339275670563407 0.9781083595927399 0.18059240083022535 -0.1527721919185699 0.0715795881494494 -0.17377768126772816 0.9821802824550516 0.25269674247715446 0.0 0.0 0.0 1.0
0.9922610387619516 0.1069889274861532 -0.0630133649183588 -0.15701462017818152 -0.09428098340700591 0.9794410276735642 0.1783426445440879 -0.14360036611114438 0.08079862731641517 -0.17102155713434788 0.9819488839375751 0.24039046057636845 0.0 0.0 0.0 1.0
0.9929839422130775 0.10415028918052079 -0.05598935255965542 -0.16387321422236878 -0.09323644620047773 0.9808511894393064 0.17098993313965813 -0.13489372806489375 0.07272593211892225 -0.16457006108527916 0.9836808812025148 0.23860027077625046 0.0 0.0 0.0 1.0
0.9934481946513675 0.10057601123351295 -0.054262332314396484 -0.16924209158143197 -0.09030856257829778 0.9818882089667889 0.16655193264737958 -0.12609590367622842 0.07003072577224562 -0.16056041908721655 0.9845386722880254 0.22319616401950582 0.0 0.0 0.0 1.0
0.9931496580490862 0.10263475001886978 -0.055848609531046145 -0.1685208421411703 -0.09258639128715535 0.9828146890846562 0.1596957489452821 -0.11874634028615769 0.0712792189298314 -0.15343101285124153 0.9855853904969217 0.21325228020824225 0.0 0.0 0.0 1.0
0.9938706042187655 0.09379444965106058 -0.05850667538428783 -0.16368607935722548 -0.08357982795830961 0.9839557672735327 0.1576235342047336 -0.10784916110203671 0.07235225147814288 -0.15176747176678415 0.9857647688108879 0.19360991811221503 0.0 0.0 0.0 1.0
0.9942458146171391 0.09078037279773712 -0.05686341216570971 -0.1644214138000927 -0.0811749431226212 0.9848855865577594 0.15300560029008295 -0.10225359798257834 0.06989391318260632 -0.14750933522479007 0.9865882032397232 0.1910781645098215 0.0 0.0 0.0 1.0
0.9947845756846047 0.08734548473401403 -0.05266511683076287 -0.16604143480379713 -0.07934343956812712 0.9871748366838697 0.1385284378742964 -0.08659720195745664 0.06408956401352782 -0.1336273587260588 0.9889573754505867 0.1735034262412134 0.0 0.0 0.0 1.0
0.9950690078846128 0.08436837796122543 -0.05214332675651978 -0.1650417694054493 -0.07676153140750053 0.9880335046289475 0.1337801842640839 -0.08008408611578399 0.06280623230277305 -0.1291179373531472 0.9896384882419523 0.1629562197296427 0.0 0.0 0.0 1.0
0.9958613890071133 0.07679872234590222 -0.0485928223718534 -0.16453139494911878 -0.07078528569569874 0.9908103865731743 0.1152560385348413 -0.06371547907668981 0.05699782850683038 -0.11133940423068739 0.9921467359014082 0.14469901010592298 0.0 0.0 0.0 1.0
0.996163580988166 0.07312727188475684 -0.04805988803841829 -0.1623449007764487 -0.06749913934138373 0.9916587008131541 0.10980234792217383 -0.057409254067113016 0.055688602994861815 -0.1061371155699299 0.9927910494616036 0.13963843390016772 0.0 0.0 0.0 1.0
0.9967350172238033 0.0716012970019593 -0.0373066728284095 -0.16649077576967947 -0.06749427248801103 0.9925275069631228 0.1016528907920569 -0.048447787049155144 0.044306413024912436 -0.09880301566201355 0.9941203684024619 0.12180116809482357 0.0 0.0 0.0 1.0
0.9968929891292891 0.07010467090151866 -0.03590138636646937 -0.16260904471961315 -0.06638170404301004 0.9931572899035864 0.09608219519036076 -0.04560748656777405 0.04239157003569238 -0.0934004803274517 0.9947259345179559 0.11068129769898442 0.0 0.0 0.0 1.0
0.9975140338535152 0.06591071677022153 -0.024914596860038128 -0.1641108701700558 -0.06348899508360002 0.9941011786949552 0.08792992144523934 -0.03849233738887608 0.030563186204838694 -0.08612952835307595 0.9958152480300735 0.09845883112945489 0.0 0.0 0.0 1.0
0.9978980394933583 0.061591439560171775 -0.02013110283837967 -0.16297665647923115 -0.059823141245039915 0.9950762439834944 0.07902014447915745 -0.032177659208207 0.02489896839572348 -0.07764973412735691 0.996669932350448 0.09647140658405005 0.0 0.0 0.0 1.0
0.9985348750926781 0.052814757718090174 -0.011742627243787133 -0.15729883343171025 -0.05183669638375727 0.9960554035065267 0.07201570239107605 -0.0240414638898255 0.015499816550476123 -0.07130147886935465 0.9973345978148752 0.0848787452248848 0.0 0.0 0.0 1.0
0.9987177146458766 0.04920854766977427 -0.011858825509114136 -0.15082744183102992 -0.04831958806359989 0.996634311298638 0.06621879850545076 -0.018098626674627565 0.01507746418670418 -0.06556085662793291 0.9977348592847546 0.07798235648667497 0.0 0.0 0.0 1.0
0.999021867975528 0.044209578192442145 0.00014990042002271692 -0.1471240220967627 -0.044127903184355895 0.9969589636347366 0.06422812930742472 -0.013721182845107094 0.002690062017983326 -0.06417190306547198 0.9979354256828123 0.06610951805316391 0.0 0.0 0.0 1.0
0.9991355260635645 0.04066982008363631 0.008569276568438195 -0.14818933723277378 -0.04109766654575421 0.997486847577435 0.057711630100665476 -0.008686155684696866 -0.006200616467107586 -0.05801389188030721 0.9982967354686269 0.06455619520522243 0.0 0.0 0.0 1.0
0.9994033648608489 0.029788725957495984 0.017458623660180268 -0.13851552150154514 -0.030647762600241782 0.9982179887577928 0.05119860773168187 -3.6305935155074023e-06 -0.015902374685464665 -0.051703099715266015 0.9985361065311505 0.05847739745278677 0.0 0.0 0.0 1.0
0.9992184531151713 0.034323652236206266 0.01958627165641382 -0.1368474373824459 -0.03530659970097924 0.9980086619077401 0.052267548429051076 0.0009238270680284378 -0.017753261626443657 -0.05291819820315917 0.9984412070713337 0.056549992714202704 0.0 0.0 0.0 1.0
0.9988837440252883 0.027077078847178065 0.03869577711264695 -0.13724996389304556 -0.0289798875452899 0.9983539360596579 0.04948989974615285 0.008030489095979669 -0.03729206336845242 -0.05055602462979471 0.9980249570088101 0.05377288101257511 0.0 0.0 0.0 1.0
0.9988905022818585 0.025795045935590427 0.03939010226934629 -0.1315094014488947 -0.027495941761169304 0.9986848840987639 0.043268083242410306 0.01423454015521723 -0.03822221868180096 -0.044303112160281106 0.998286864226838 0.04694590726617279 0.0 0.0 0.0 1.0
0.9987190132756085 0.022818714814932094 0.045153768497779724 -0.12343938900224401 -0.02442551160155703 0.9990759645164223 0.03535949467988016 0.028544596551338036 -0.04430521274911925 -0.03641706384462185 0.9983542687743517 0.03233586300947999 0.0 0.0 0.0 1.0
0.9982844220737118 0.019987652782652722 0.055026652611262175 -0.12463130995713637 -0.021856415938995736 0.9991971200008303 0.033571643227574624 0.032018455950675165 -0.054311489208707306 -0.034716691286608155 0.9979205347042658 0.03325985997384218 0.0 0.0 0.0 1.0
0.9979845164296085 0.014977253776304277 0.061658988351723495 -0.11707672350289201 -0.016637838152304456 0.9995099771185623 0.02650726083538101 0.042826269724428496 -0.06123180617776785 -0.02747966187692828 0.9977454209410195 0.026469084015881342 0.0 0.0 0.0 1.0
0.9979250915300836 0.01205980668148473 0.06324004395025665 -0.11266243564368833 -0.013548024054772467 0.9996398771127206 0.023157345692677866 0.04562053227487628 -0.06293803359695259 -0.023966024356108128 0.997729855785857 0.023208244884255075 0.0 0.0 0.0 1.0
0.9972244344391652 0.006465037238446633 0.07416802086843562 -0.11124373049407806 -0.008029242916599916 0.9997510434113519 0.020811571877284208 0.049181290279287054 -0.07401505528476188 -0.021349273785601898 0.9970287511885544 0.015597487989184228 0.0 0.0 0.0 1.0
0.9968329880927275 0.0060261110878852275 0.07928993836535501 -0.11079272299327206 -0.00705201257310067 0.9998947684150894 0.012665198078813092 0.05986558362771105 -0.07920532791263583 -0.013184184547621523 0.9967713449533812 0.008968188682495708 0.0 0.0 0.0 1.0
0.9963128428302315 0.0021094603214301803 0.08576397474459306 -0.10510436537029946 -0.002695428331851592 0.9999736446226033 0.0067173503618318895 0.06717904704711922 -0.08574759613040381 -0.006923693754381061 0.9962930511879774 0.0072904484747365605 0.0 0.0 0.0 1.0
0.9961877642730571 0.001229941451996401 0.08722169491521783 -0.10072987249035922 -0.0018703185287706444 0.9999717299734983 0.007260837894215845 0.06550948110346545 -0.08721035327264326 -0.007396233938338997 0.9961626515643015 0.0017983228853255678 0.0 0.0 0.0 1.0
0.9954408111268747 -0.0019921619950812623 0.09535656870343595 -0.0988120748530765 0.00187667714041947 0.9999972154437639 0.0013010167522816117 0.07008708740449476 -0.09535895742336868 -0.0011160613751015713 0.9954425119180873 0.0008838480576418978 0.0 0.0 0.0 1.0
0.9945783442462953 -0.004156182453680715 0.1039029326469813 -0.10162738846044969 0.004330829730469099 0.9999894340542994 -0.0014551211527459318 0.0711041993278257 -0.10389584780516231 0.0018972870760244841 0.9945865508932024 0.0023292822624220028 0.0 0.0 0.0 1.0
0.9938711267929339 -0.00548769905299918 0.11040506754460379 -0.09807892192448664 0.006186870815071985 0.9999627612647646 -0.005990971070714781 0.07459778433975922 -0.11036814503992333 0.006637387363601265 0.9938688407576075 -0.0022455756293693063 0.0 0.0 0.0 1.0
0.9933226332581357 -0.005680043147985094 0.1152262914800745 -0.09895593734271721 0.006671928883647907 0.9999437614902124 -0.008224123746717408 0.07629815672787943 -0.11517317399802503 0.008938060760713427 0.9933053924582573 -0.0032973719009135594 0.0 0.0 0.0 1.0
0.993139845583648 -0.011274953957517079 0.1163842926797154 -0.09185296103257884 0.011717124671202974 0.9999263597033187 -0.0031155415335747862 0.06894606064909649 -0.11634066123936385 0.004457923213575333 0.9931995647242108 -0.0021011621067241054 0.0 0.0 0.0 1.0
0.9924686672548596 -0.013106483685398039 0.12179243370323097 -0.09255060782454846 0.013759564734509185 0.9998949339858835 -0.0045224882701223644 0.06923391250418881 -0.12172044485164803 0.006164312725964522 0.9925455042022479 -0.003917878048535162 0.0 0.0 0.0 1.0
0.991786093936194 -0.013562575717696142 0.12718359618406014 -0.09204580992520148 0.014961020895160292 0.9998374453023593 -0.010046441667228559 0.07285138053960223 -0.12702675883094575 0.011866794953368922 0.9918284928798003 -0.006215504754830639 0.0 0.0 0.0 1.0
0.9914095846274035 -0.015087589533994767 0.1299178867957369 -0.09279787864403483 0.016512754207166816 0.9998145119456022 -0.00989921023174803 0.07069376278660812 -0.12974451399525946 0.011959551985165063 0.9914755589155342 -0.006127118075727481 0.0 0.0 0.0 1.0
