388.86187744140625 387.09954833984375 252.0 140.0
388.3780212402344 387.08636474609375 252.0 140.0
388.4110412597656 386.89569091796875 252.0 140.0
388.3753662109375 386.511962890625 252.0 140.0
388.0340576171875 385.79193115234375 252.0 140.0
386.83349609375 385.6197814941406 252.0 140.0
387.43194580078125 386.1916198730469 252.0 140.0
387.06939697265625 385.84490966796875 252.0 140.0
387.065185546875 386.29779052734375 252.0 140.0
387.4519348144531 386.47271728515625 252.0 140.0
387.5125427246094 386.05609130859375 252.0 140.0
388.05206298828125 385.9017639160156 252.0 140.0
387.66259765625 385.8991394042969 252.0 140.0
387.2831115722656 385.9468994140625 252.0 140.0
387.5946044921875 385.87225341796875 252.0 140.0
386.728271484375 384.81365966796875 252.0 140.0
386.3064270019531 384.15765380859375 252.0 140.0
386.07476806640625 384.4678649902344 252.0 140.0
385.59527587890625 384.9688720703125 252.0 140.0
383.2763977050781 383.16064453125 252.0 140.0
384.62518310546875 382.8703308105469 252.0 140.0
384.9548034667969 383.73663330078125 252.0 140.0
383.9490966796875 383.2176818847656 252.0 140.0
383.6236572265625 382.95196533203125 252.0 140.0
384.4463195800781 383.0314636230469 252.0 140.0
384.73974609375 382.6464538574219 252.0 140.0
385.2344055175781 383.3178405761719 252.0 140.0
383.0112609863281 381.64007568359375 252.0 140.0
383.11920166015625 381.2257080078125 252.0 140.0
384.1152648925781 382.8971252441406 252.0 140.0
383.6730651855469 382.01568603515625 252.0 140.0
384.63836669921875 383.4036865234375 252.0 140.0
388.168701171875 388.9061279296875 252.0 140.0
383.8393249511719 383.11968994140625 252.0 140.0
384.7896423339844 383.99774169921875 252.0 140.0
384.4635009765625 383.1312255859375 252.0 140.0
384.617431640625 383.1444396972656 252.0 140.0
384.09417724609375 382.7334899902344 252.0 140.0
384.1133117675781 382.7744445800781 252.0 140.0
384.0250244140625 382.9006652832031 252.0 140.0
383.11724853515625 381.80206298828125 252.0 140.0
383.1477355957031 382.53240966796875 252.0 140.0
383.4292297363281 383.0478515625 252.0 140.0
384.15008544921875 383.25714111328125 252.0 140.0
383.8768005371094 383.78662109375 252.0 140.0
384.9471740722656 383.96240234375 252.0 140.0
385.3114929199219 384.3057861328125 252.0 140.0
384.7085266113281 384.05950927734375 252.0 140.0
384.504150390625 383.9723205566406 252.0 140.0
384.25567626953125 384.0790100097656 252.0 140.0
385.522216796875 384.84613037109375 252.0 140.0
385.6624450683594 384.2768249511719 252.0 140.0
385.0306701660156 384.5197448730469 252.0 140.0
385.2781066894531 384.52740478515625 252.0 140.0
385.1915588378906 384.38720703125 252.0 140.0
385.8077087402344 384.216796875 252.0 140.0
385.5302429199219 384.6665954589844 252.0 140.0
384.4488525390625 383.7313537597656 252.0 140.0
384.4773254394531 385.0321350097656 252.0 140.0
385.58721923828125 384.93115234375 252.0 140.0
363.87640380859375 357.4117431640625 252.0 140.0
363.01715087890625 355.9048156738281 252.0 140.0
363.9037170410156 356.32171630859375 252.0 140.0
363.6997985839844 355.8515930175781 252.0 140.0
364.43115234375 356.6941223144531 252.0 140.0
364.7157897949219 357.3301086425781 252.0 140.0
364.0939636230469 356.1695251464844 252.0 140.0
363.3959045410156 356.4625244140625 252.0 140.0
363.5123291015625 356.1806640625 252.0 140.0
363.15948486328125 355.31768798828125 252.0 140.0
363.26483154296875 355.79132080078125 252.0 140.0
362.7196044921875 354.7716979980469 252.0 140.0
361.6642150878906 353.8887939453125 252.0 140.0
361.8700256347656 354.3609619140625 252.0 140.0
362.2196960449219 354.5075378417969 252.0 140.0
361.5380859375 354.0995178222656 252.0 140.0
360.6288146972656 353.01593017578125 252.0 140.0
359.2179870605469 352.15301513671875 252.0 140.0
359.9825134277344 352.5965576171875 252.0 140.0
360.0210266113281 352.5140075683594 252.0 140.0
359.4718322753906 352.9322204589844 252.0 140.0
361.1655578613281 353.7999572753906 252.0 140.0
361.0943603515625 352.8764953613281 252.0 140.0
360.81439208984375 352.7609558105469 252.0 140.0
360.1842346191406 352.86151123046875 252.0 140.0
360.5808410644531 352.7267761230469 252.0 140.0
362.0104675292969 353.683349609375 252.0 140.0
361.0982971191406 352.922607421875 252.0 140.0
360.818115234375 352.8415222167969 252.0 140.0
360.1650085449219 352.888427734375 252.0 140.0
360.5121154785156 352.7955627441406 252.0 140.0
360.4228210449219 352.79962158203125 252.0 140.0
359.97174072265625 353.0516052246094 252.0 140.0
359.72479248046875 351.87890625 252.0 140.0
360.4761657714844 352.20843505859375 252.0 140.0
359.8780517578125 352.7194519042969 252.0 140.0
360.5848083496094 352.53973388671875 252.0 140.0
360.61480712890625 352.5906677246094 252.0 140.0
359.5971984863281 352.9810485839844 252.0 140.0
360.3767395019531 352.7519226074219 252.0 140.0
360.37103271484375 352.86053466796875 252.0 140.0
360.37432861328125 353.0976867675781 252.0 140.0
359.96038818359375 352.2359619140625 252.0 140.0
359.0368347167969 352.72918701171875 252.0 140.0
358.8003234863281 351.91082763671875 252.0 140.0
358.165283203125 351.0531311035156 252.0 140.0
358.0246887207031 351.7259826660156 252.0 140.0
359.23199462890625 352.3608093261719 252.0 140.0
359.4717712402344 351.6900329589844 252.0 140.0
359.9864807128906 352.2394714355469 252.0 140.0
359.4800109863281 352.5580139160156 252.0 140.0
359.8781433105469 351.994384765625 252.0 140.0
361.1087341308594 352.5861511230469 252.0 140.0
363.9361267089844 358.908203125 252.0 140.0
359.7871398925781 352.69305419921875 252.0 140.0
359.34539794921875 352.1151123046875 252.0 140.0
359.2561950683594 352.74908447265625 252.0 140.0
361.5824279785156 354.18115234375 252.0 140.0
361.517333984375 353.6745300292969 252.0 140.0
360.6191101074219 353.3314514160156 252.0 140.0
378.0746154785156 378.4040222167969 252.0 140.0
379.01214599609375 379.7801208496094 252.0 140.0
379.93310546875 380.199462890625 252.0 140.0
379.1941833496094 379.54541015625 252.0 140.0
379.4419860839844 379.4261169433594 252.0 140.0
379.1019287109375 379.93292236328125 252.0 140.0
379.6520080566406 379.44378662109375 252.0 140.0
379.22509765625 379.3125 252.0 140.0
378.99346923828125 379.347900390625 252.0 140.0
379.14166259765625 379.3882141113281 252.0 140.0
379.30487060546875 379.91162109375 252.0 140.0
380.24359130859375 380.71990966796875 252.0 140.0
379.932861328125 380.9558410644531 252.0 140.0
379.0244140625 380.99267578125 252.0 140.0
377.39764404296875 381.00872802734375 252.0 140.0
377.4854431152344 379.7761535644531 252.0 140.0
378.61260986328125 381.0224914550781 252.0 140.0
378.2276611328125 380.405029296875 252.0 140.0
378.87506103515625 380.4957275390625 252.0 140.0
377.70538330078125 379.4242858886719 252.0 140.0
377.2048645019531 379.5661926269531 252.0 140.0
377.7765808105469 379.5332946777344 252.0 140.0
378.2628479003906 380.4716491699219 252.0 140.0
378.7859802246094 379.79833984375 252.0 140.0
379.0091247558594 379.82574462890625 252.0 140.0
378.2210998535156 379.6433410644531 252.0 140.0
378.4811706542969 380.2082214355469 252.0 140.0
379.2858581542969 380.7071533203125 252.0 140.0
378.1947326660156 378.6650085449219 252.0 140.0
378.7336120605469 378.39093017578125 252.0 140.0
378.36981201171875 379.150390625 252.0 140.0
378.6008605957031 379.04925537109375 252.0 140.0
378.8349304199219 379.7281799316406 252.0 140.0
378.510009765625 381.19390869140625 252.0 140.0
379.2618103027344 381.0774841308594 252.0 140.0
379.26715087890625 380.32977294921875 252.0 140.0
379.7532958984375 381.3242492675781 252.0 140.0
380.0837097167969 381.1292419433594 252.0 140.0
379.81158447265625 380.0258483886719 252.0 140.0
379.3416442871094 379.9383544921875 252.0 140.0
379.0300598144531 380.1316223144531 252.0 140.0
379.1069641113281 380.006103515625 252.0 140.0
380.1155700683594 379.78082275390625 252.0 140.0
378.5299377441406 378.86517333984375 252.0 140.0
379.5090637207031 379.9987487792969 252.0 140.0
380.33990478515625 380.83563232421875 252.0 140.0
379.623046875 380.1607666015625 252.0 140.0
380.0229187011719 380.8794860839844 252.0 140.0
379.77825927734375 380.5733947753906 252.0 140.0
378.98150634765625 380.3632507324219 252.0 140.0
380.0008544921875 379.6397705078125 252.0 140.0
379.7478332519531 379.75482177734375 252.0 140.0
378.96875 379.9286193847656 252.0 140.0
377.87005615234375 379.3840026855469 252.0 140.0
377.6546630859375 380.9850769042969 252.0 140.0
377.9629211425781 379.8530578613281 252.0 140.0
378.9206848144531 380.0420837402344 252.0 140.0
379.0608825683594 380.77667236328125 252.0 140.0
379.0221862792969 380.9904479980469 252.0 140.0
378.42236328125 379.74725341796875 252.0 140.0
379.27984619140625 379.9548645019531 252.0 140.0
378.60235595703125 378.6746520996094 252.0 140.0
378.0830078125 378.32373046875 252.0 140.0
378.01715087890625 378.22821044921875 252.0 140.0
378.2311096191406 379.01654052734375 252.0 140.0
378.1383056640625 378.7722473144531 252.0 140.0
378.07861328125 379.73406982421875 252.0 140.0
377.9951171875 378.7923278808594 252.0 140.0
378.69500732421875 378.73614501953125 252.0 140.0
377.7577209472656 377.443603515625 252.0 140.0
376.96087646484375 377.47845458984375 252.0 140.0
377.0368347167969 377.7696533203125 252.0 140.0
377.1653747558594 378.30889892578125 252.0 140.0
377.70513916015625 377.14202880859375 252.0 140.0
377.48931884765625 377.2442932128906 252.0 140.0
378.1919250488281 378.1334533691406 252.0 140.0
377.6450500488281 376.6983642578125 252.0 140.0
377.6005859375 377.6911926269531 252.0 140.0
378.6241760253906 378.141357421875 252.0 140.0
377.96246337890625 379.4359130859375 252.0 140.0
378.90057373046875 379.936279296875 252.0 140.0
378.14434814453125 378.9707946777344 252.0 140.0
378.48736572265625 378.6020202636719 252.0 140.0
377.1461486816406 376.7185974121094 252.0 140.0
377.3200378417969 376.6636657714844 252.0 140.0
377.9065246582031 377.4644470214844 252.0 140.0
378.3905944824219 377.0619201660156 252.0 140.0
377.6821594238281 376.28607177734375 252.0 140.0
378.0370788574219 376.88018798828125 252.0 140.0
383.9064636230469 385.37420654296875 252.0 140.0
378.9722595214844 376.9737243652344 252.0 140.0
378.6347351074219 378.61053466796875 252.0 140.0
379.2940979003906 378.2571105957031 252.0 140.0
379.8675231933594 378.34454345703125 252.0 140.0
378.8723449707031 377.1462707519531 252.0 140.0
378.5140075683594 377.393310546875 252.0 140.0
378.48388671875 378.1122131347656 252.0 140.0
378.4441223144531 378.1014099121094 252.0 140.0
379.4952392578125 379.1506652832031 252.0 140.0
379.754150390625 379.7112731933594 252.0 140.0
379.8222351074219 379.2993469238281 252.0 140.0
379.3114013671875 378.4967041015625 252.0 140.0
379.0401306152344 378.568603515625 252.0 140.0
380.4205322265625 378.21868896484375 252.0 140.0
380.4930725097656 377.9798583984375 252.0 140.0
379.5800476074219 378.32635498046875 252.0 140.0
379.4159240722656 378.5058898925781 252.0 140.0
379.5291442871094 378.500732421875 252.0 140.0
379.552734375 378.5738220214844 252.0 140.0
